ID  Theta(deg)  Phi(deg)  Einc_mag|(V/m)  Einc_phase(deg) Pol_angle(deg)  outCurJ?(Y/N)
061 4500.0 0.001 3 1e-8
001 -90 000 1 0 0 1
002 -90 003 1 0 0 1
003 -90 006 1 0 0 1
004 -90 009 1 0 0 1
005 -90 012 1 0 0 1
006 -90 015 1 0 0 1
007 -90 018 1 0 0 1
008 -90 021 1 0 0 1
009 -90 024 1 0 0 1
010 -90 027 1 0 0 1
011 -90 030 1 0 0 1
012 -90 033 1 0 0 1
013 -90 036 1 0 0 1
014 -90 039 1 0 0 1
015 -90 042 1 0 0 1
016 -90 045 1 0 0 1
017 -90 048 1 0 0 1
018 -90 051 1 0 0 1
019 -90 054 1 0 0 1
020 -90 057 1 0 0 1
021 -90 060 1 0 0 1
022 -90 063 1 0 0 1
023 -90 066 1 0 0 1
024 -90 069 1 0 0 1
025 -90 072 1 0 0 1
026 -90 075 1 0 0 1
027 -90 078 1 0 0 1
028 -90 081 1 0 0 1
029 -90 084 1 0 0 1
030 -90 087 1 0 0 1
031 -90 090 1 0 0 1
032 -90 093 1 0 0 1
033 -90 096 1 0 0 1
034 -90 099 1 0 0 1
035 -90 102 1 0 0 1
036 -90 105 1 0 0 1
037 -90 108 1 0 0 1
038 -90 111 1 0 0 1
039 -90 114 1 0 0 1
040 -90 117 1 0 0 1
041 -90 120 1 0 0 1
042 -90 123 1 0 0 1
043 -90 126 1 0 0 1
044 -90 129 1 0 0 1
045 -90 132 1 0 0 1
046 -90 135 1 0 0 1
047 -90 138 1 0 0 1
048 -90 141 1 0 0 1
049 -90 144 1 0 0 1
050 -90 147 1 0 0 1
051 -90 150 1 0 0 1
052 -90 153 1 0 0 1
053 -90 156 1 0 0 1
054 -90 159 1 0 0 1
055 -90 162 1 0 0 1
056 -90 165 1 0 0 1
057 -90 168 1 0 0 1
058 -90 171 1 0 0 1
059 -90 174 1 0 0 1
060 -90 177 1 0 0 1
061 -90 180 1 0 0 1
